timestamps:
  login: 1392510454852
  logout: 1392511747677
ipAddress: 69.138.65.66
lastlocation:
  world: PvP
  x: 52.559378063836974
  y: 81.0
  z: -7.293724105289016
  yaw: 305.14035
  pitch: 3.8808992
money: '1001.938417927563422'
logoutlocation:
  world: PvP
  x: 64.47786978951444
  y: 76.0
  z: 7.0981504406102305
  yaw: -153.99019
  pitch: 90.0
