timestamps:
  login: 1394414295799
  logout: 1394414290099
ipAddress: 72.83.246.150
lastlocation:
  world: HUB
  x: -1995.0371860713421
  y: 20.0
  z: 548.9014528307157
  yaw: 212.8498
  pitch: 26.849949
money: '1000.0'
logoutlocation:
  world: HUB
  x: -50.22531253149596
  y: 54.0
  z: 539.2501827868552
  yaw: 246.60023
  pitch: 34.199966
