world: VIPworld
x: -779.5553759737393
y: 97.0
z: -59.69999998807907
yaw: 4.500122
pitch: 25.049978
name: adminstart
