world: PvP
x: 97.25307237125602
y: 97.71668235105113
z: -63.166558821707916
yaw: -128.55
pitch: 29.999996
name: castle
