world: MiniGames
x: 53.20998019856512
y: 122.5781263864564
z: -35.297426526968785
yaw: 334.9458
pitch: 10.049864
name: CLFul
