world: MiniGames
x: -197.2009148329438
y: 98.0
z: 312.39035735232676
yaw: 78.45154
pitch: 7.3499546
name: Clssic
