world: KillGod
x: -2169.5174734132843
y: 23.0
z: -350.7674965237614
yaw: -179.0719
pitch: 73.04338
name: godarena
