world: HUB
x: -1657.4298211068483
y: 70.0
z: 546.6318431805992
yaw: 89.84851
pitch: 26.699833
name: GodThrone
