world: Guildworld
x: -337.69999998807907
y: 66.0
z: -382.69999998807907
yaw: -43.048393
pitch: 5.5500245
name: GuildChooser
