world: world
x: 169.69999998807907
y: 54.0
z: 265.3253833800554
yaw: 78.60449
pitch: 9.449989
name: hgl
