world: MiniGames
x: -78.50347535678844
y: 64.0
z: 513.560436031808
yaw: -234.70648
pitch: 90.0
name: hide
