world: MiniGames
x: -111.66226601688352
y: 104.95312638648697
z: -175.56404158488272
yaw: 334.80127
pitch: 17.249966
name: Indust
