world: KillGod
x: -750.5992104981477
y: 50.0
z: 691.1651412313544
yaw: -254.9652
pitch: 85.2
name: killgodset-up
