world: KillGod
x: -661.5
y: 4.0
z: 691.5
yaw: -50.611553
pitch: 48.373627
name: killgodworlddaytime
