world: MiniGames
x: 70.88208575530324
y: 81.0
z: 345.7402495624022
yaw: -279.75153
pitch: 22.19998
name: lyers
