world: MiniGames
x: -435.6924071590106
y: 59.0
z: 348.63305685120747
yaw: 346.34747
pitch: 26.700014
name: maze
