world: MiniGames
x: -58.70201640235672
y: 82.0
z: 268.52541103316236
yaw: 263.85083
pitch: 11.849935
name: MBD
