world: HUB
x: -2009.6166789828474
y: 61.61581663905381
z: 552.426712203916
yaw: 277.50317
pitch: 11.849997
name: oldmini
