world: MiniGames
x: -34.27021878826298
y: 72.0
z: 25.631706816084773
yaw: -77.69994
pitch: 52.5
name: PaintballArena
