world: world
x: 161.500989874641
y: 101.0
z: 442.41169676467024
yaw: -350.579
pitch: 77.89693
name: parkour
