world: MiniGames
x: -87.86382549736896
y: 77.0
z: -137.0690562231876
yaw: -123.633514
pitch: 48.3176
name: pbarena
