world: MiniGames
x: -9.582951990429324
y: 85.0
z: 157.08582693763825
yaw: -89.272705
pitch: 31.349937
name: Pllars
