world: KillGod
x: -463.3042642818764
y: 5.0
z: 681.2136901122999
yaw: -267.36096
pitch: 27.150036
name: Quickbuild
