world: Guildworld
x: 268.64275176642496
y: 69.0
z: -93.77823714711305
yaw: 184.00691
pitch: 33.879597
name: reaper2
