world: MiniGames
x: 201.7980439778261
y: 63.0
z: 251.49277835846846
yaw: 323.39606
pitch: 11.399787
name: spl1
