world: world
x: -458.763038595352
y: 112.75465621336215
z: -25.35002286050327
yaw: 239.53058
pitch: 18.599981
name: spleefsv
