world: MiniGames
x: 201.7980439778261
y: 63.0
z: 251.49277835846846
yaw: 323.54605
pitch: 11.549787
name: splf1
