world: KillGod
x: -2218.285871558311
y: 6.0
z: -505.9014042594097
yaw: 160.39111
pitch: 38.249897
name: ver1
