world: KillGod
x: -949.191688404451
y: 4.0
z: -267.348073495824
yaw: 176.04118
pitch: 21.301893
name: ver2
