world: HUB
x: -71.84106106440848
y: 59.0
z: 507.4316104476296
yaw: -89.84998
pitch: 6.45004
name: VIPlobby
