world: HUB
x: -1676.8214114135692
y: 64.0
z: 547.2252405561884
yaw: -117.82405
pitch: 40.349983
name: xyz
